1 0.56640625 0.2796875 0.1234375 0.5375
1 0.94140625 0.31953125 0.1171875 0.2484375
1 0.39453125 0.325 0.153125 0.3078125
1 0.2578125 0.3359375 0.121875 0.225
1 0.0671875 0.3765625 0.1265625 0.3921875
1 0.9609375 0.38203125 0.078125 0.35625
1 0.51328125 0.43671875 0.121875 0.2109375
1 0.82890625 0.44921875 0.1640625 0.396875
1 0.26328125 0.46015625 0.1859375 0.44375
1 0.5375 0.47265625 0.1828125 0.2875
1 0.07265625 0.59140625 0.1421875 0.7953125
1 0.18984375 0.621875 0.375 0.7265625
1 0.740625 0.6234375 0.2546875 0.7421875
1 0.4578125 0.70390625 0.2953125 0.5921875
1 0.8875 0.778125 0.221875 0.44375
1 0.621875 0.80390625 0.4 0.390625
1 0.78515625 0.23046875 0.1015625 0.153125
1 0.83828125 0.265625 0.115625 0.2421875
1 0.6890625 0.265625 0.128125 0.296875
1 0.95625 0.2671875 0.0828125 0.1484375