1 0.58671875 0.27421875 0.2765625 0.4875
1 0.0359375 0.32109375 0.071875 0.284375
1 0.1546875 0.38125 0.1453125 0.296875
1 0.575 0.44375 0.2359375 0.4375
1 0.34375 0.45390625 0.209375 0.459375
1 0.9484375 0.48359375 0.103125 0.425
1 0.78125 0.5875 0.25625 0.728125
1 0.446875 0.70078125 0.15 0.265625
1 0.1609375 0.7375 0.321875 0.51875
1 0.6765625 0.8109375 0.409375 0.378125
1 0.94296875 0.83203125 0.1140625 0.2859375
1 0.140625 0.859375 0.28125 0.2796875
1 0.11875 0.12890625 0.1453125 0.234375
1 0.2890625 0.13046875 0.1296875 0.259375
1 0.91328125 0.13828125 0.1734375 0.2765625
1 0.68828125 0.13984375 0.146875 0.2796875
1 0.45390625 0.14921875 0.1171875 0.228125
1 0.82578125 0.16953125 0.1796875 0.259375