1 0.2046875 0.19140625 0.05625 0.0609375
1 0.03359375 0.1953125 0.0390625 0.0734375
1 0.3875 0.196875 0.021875 0.0546875
1 0.665625 0.20625 0.04375 0.0734375
1 0.26796875 0.21171875 0.04375 0.109375
1 0.303125 0.21796875 0.0390625 0.0703125
1 0.49765625 0.2203125 0.0375 0.0671875
1 0.7140625 0.2234375 0.0546875 0.1078125
1 0.58125 0.23515625 0.0328125 0.0578125
1 0.6140625 0.24296875 0.0421875 0.06875
1 0.796875 0.2546875 0.0609375 0.1453125
1 0.54296875 0.2796875 0.084375 0.178125
1 0.0828125 0.33125 0.1359375 0.2625
1 0.02734375 0.33203125 0.0546875 0.203125
1 0.94453125 0.34296875 0.1109375 0.2390625
1 0.6171875 0.3734375 0.134375 0.30625
1 0.71796875 0.38515625 0.2046875 0.303125
1 0.2078125 0.3921875 0.2015625 0.35
1 0.3640625 0.42109375 0.146875 0.40625
1 0.49140625 0.60859375 0.2390625 0.696875
1 0.83828125 0.6171875 0.3234375 0.7265625