1 0.48125 0.13671875 0.2515625 0.271875
1 0.70859375 0.1890625 0.1125 0.1875
1 0.29765625 0.1984375 0.090625 0.2640625
1 0.8921875 0.21484375 0.215625 0.4046875
1 0.53984375 0.28515625 0.1484375 0.3296875
1 0.96796875 0.309375 0.0609375 0.290625
1 0.7515625 0.34609375 0.0984375 0.2296875
1 0.1921875 0.3515625 0.1 0.2453125
1 0.09296875 0.459375 0.08125 0.35
1 0.29140625 0.46953125 0.115625 0.271875
1 0.46875 0.4796875 0.2234375 0.453125
1 0.665625 0.5046875 0.1953125 0.3921875
1 0.86875 0.5140625 0.234375 0.3375
1 0.5078125 0.53203125 0.071875 0.1640625
1 0.03046875 0.55625 0.0609375 0.2671875
1 0.17890625 0.6390625 0.1015625 0.2765625
1 0.47265625 0.65078125 0.0796875 0.1578125
1 0.69609375 0.68203125 0.0796875 0.234375
1 0.965625 0.73984375 0.06875 0.140625
1 0.76796875 0.7625 0.090625 0.2078125
1 0.8625 0.78125 0.146875 0.4015625
1 0.265625 0.7890625 0.2 0.3859375
1 0.08515625 0.8078125 0.1671875 0.328125
1 0.94765625 0.8328125 0.1046875 0.296875
1 0.97109375 0.853125 0.0578125 0.1453125
1 0.60859375 0.8578125 0.2328125 0.2484375
1 0.40859375 0.86484375 0.1265625 0.23125
1 0.78046875 0.8921875 0.178125 0.1796875
1 0.12734375 0.93046875 0.1125 0.103125
1 0.65625 0.096875 0.084375 0.19375
1 0.8 0.1265625 0.09375 0.246875