1 0.51484375 0.33828125 0.01875 0.04375
1 0.47734375 0.346875 0.021875 0.0390625
1 0.4296875 0.3515625 0.015625 0.040625
1 0.35078125 0.3546875 0.015625 0.0296875
1 0.57265625 0.35703125 0.028125 0.053125
1 0.37421875 0.35703125 0.0203125 0.0390625
1 0.45078125 0.36328125 0.01875 0.034375
1 0.52890625 0.36328125 0.01875 0.0296875
1 0.39765625 0.36328125 0.01875 0.0296875
1 0.60078125 0.3703125 0.0234375 0.046875
1 0.3546875 0.38203125 0.01875 0.0203125
1 0.63203125 0.38203125 0.0265625 0.046875
1 0.41328125 0.38203125 0.0140625 0.0375
1 0.48515625 0.38828125 0.021875 0.0609375
1 0.39296875 0.38828125 0.021875 0.0265625
1 0.44765625 0.39140625 0.015625 0.0375
1 0.4296875 0.39296875 0.021875 0.040625
1 0.33515625 0.39296875 0.01875 0.0375
1 0.5140625 0.4015625 0.0203125 0.040625
1 0.46875 0.4046875 0.021875 0.0640625
1 0.37890625 0.41171875 0.01875 0.0390625
1 0.36171875 0.41328125 0.0171875 0.05
1 0.55 0.41328125 0.0203125 0.05
1 0.29375 0.41328125 0.0296875 0.04375
1 0.39609375 0.41328125 0.021875 0.040625
1 0.49765625 0.41484375 0.021875 0.05
1 0.31796875 0.41796875 0.0171875 0.04375
1 0.53203125 0.421875 0.021875 0.046875
1 0.63203125 0.421875 0.0203125 0.04375
1 0.5703125 0.4234375 0.025 0.04375
1 0.60078125 0.43203125 0.0265625 0.053125
1 0.43671875 0.43203125 0.021875 0.040625
1 0.33203125 0.43671875 0.0125 0.053125
1 0.653125 0.43828125 0.021875 0.0609375
1 0.38203125 0.43984375 0.0234375 0.046875
1 0.67421875 0.43984375 0.025 0.0703125
1 0.48671875 0.45 0.01875 0.046875
1 0.41796875 0.4515625 0.015625 0.0375
1 0.40078125 0.4546875 0.015625 0.040625
1 0.45 0.45703125 0.021875 0.04375
1 0.3453125 0.45703125 0.0171875 0.046875
1 0.47265625 0.46171875 0.028125 0.046875
1 0.521875 0.46328125 0.028125 0.046875
1 0.2828125 0.46796875 0.0296875 0.090625
1 0.578125 0.46796875 0.0203125 0.0375
1 0.371875 0.4796875 0.028125 0.046875
1 0.7078125 0.48515625 0.0265625 0.0578125
1 0.43203125 0.48828125 0.025 0.0578125
1 0.546875 0.48984375 0.025 0.046875
1 0.3921875 0.49296875 0.0140625 0.04375
1 0.41015625 0.496875 0.025 0.046875
1 0.62265625 0.496875 0.0265625 0.046875
1 0.49375 0.5 0.0328125 0.05
1 0.325 0.503125 0.0234375 0.0765625
1 0.35234375 0.503125 0.0234375 0.04375
1 0.65234375 0.50703125 0.0203125 0.04375
1 0.57890625 0.51171875 0.0203125 0.040625
1 0.2640625 0.51171875 0.025 0.0296875
1 0.45703125 0.51328125 0.0390625 0.053125
1 0.60078125 0.51328125 0.0203125 0.053125
1 0.52890625 0.51328125 0.025 0.046875
1 0.3 0.5234375 0.0296875 0.0703125
1 0.303125 0.5265625 0.028125 0.0734375
1 0.7046875 0.528125 0.028125 0.053125
1 0.3671875 0.5296875 0.028125 0.046875
1 0.63515625 0.5296875 0.0296875 0.05
1 0.23203125 0.53203125 0.0359375 0.0765625
1 0.6796875 0.53203125 0.0265625 0.0671875
1 0.171875 0.53359375 0.0359375 0.0828125
1 0.62578125 0.5765625 0.034375 0.046875
1 0.75078125 0.58828125 0.034375 0.096875
1 0.5859375 0.60859375 0.034375 0.1265625
1 0.4046875 0.71484375 0.05625 0.390625
1 0.2640625 0.71796875 0.040625 0.3875
1 0.459375 0.71796875 0.0546875 0.359375
1 0.5171875 0.71796875 0.05625 0.4109375
1 0.35234375 0.721875 0.04375 0.3796875
1 0.565625 0.7265625 0.0640625 0.3765625
1 0.31015625 0.73203125 0.0421875 0.3609375
1 0.81484375 0.753125 0.0359375 0.440625
1 0.21875 0.75703125 0.04375 0.3875
1 0.17421875 0.75859375 0.0484375 0.3765625
1 0.72734375 0.76171875 0.0578125 0.4078125
1 0.79375 0.76171875 0.040625 0.4203125
1 0.6546875 0.76484375 0.04375 0.4