1 0.115625 0.4234375 0.0671875 0.1328125
1 0.58671875 0.4671875 0.0328125 0.028125
1 0.82109375 0.471875 0.028125 0.0390625
1 0.5296875 0.47265625 0.025 0.04375
1 0.3859375 0.48671875 0.021875 0.04375
1 0.78046875 0.4890625 0.0390625 0.0203125
1 0.97265625 0.49296875 0.0265625 0.05
1 0.89375 0.49609375 0.0234375 0.0578125
1 0.41953125 0.4984375 0.0390625 0.09375
1 0.7234375 0.4984375 0.034375 0.065625
1 0.475 0.5 0.0421875 0.1125
1 0.37265625 0.5109375 0.0453125 0.1078125
1 0.56484375 0.5109375 0.028125 0.0828125
1 0.70078125 0.51640625 0.0421875 0.05
1 0.596875 0.5203125 0.03125 0.071875
1 0.87265625 0.5203125 0.025 0.1015625
1 0.521875 0.5265625 0.04375 0.0546875
1 0.9421875 0.528125 0.028125 0.115625
1 0.634375 0.53046875 0.0359375 0.1046875
1 0.77578125 0.5390625 0.0578125 0.071875
1 0.81796875 0.54140625 0.0328125 0.1015625
1 0.85234375 0.54296875 0.040625 0.165625
1 0.77421875 0.578125 0.0609375 0.1484375
1 0.02734375 0.58515625 0.0546875 0.0921875
1 0.2140625 0.5953125 0.05625 0.1421875
1 0.9109375 0.6015625 0.065625 0.1234375
1 0.6890625 0.609375 0.046875 0.1578125
1 0.1109375 0.6125 0.103125 0.20625
1 0.503125 0.6390625 0.115625 0.153125
1 0.33125 0.68671875 0.1546875 0.33125
1 0.61015625 0.7109375 0.121875 0.3171875
1 0.81015625 0.72734375 0.1 0.2359375
1 0.16640625 0.7625 0.153125 0.403125
1 0.9140625 0.82421875 0.1671875 0.31875
1 0.8921875 0.8359375 0.215625 0.328125