1 0.5171875 0.49609375 0.0359375 0.08125
1 0.4640625 0.5578125 0.0859375 0.2578125
1 0.303125 0.59453125 0.071875 0.3125
1 0.7265625 0.6046875 0.0484375 0.109375
1 0.94296875 0.60859375 0.059375 0.1015625
1 0.0703125 0.61875 0.0859375 0.18125
1 0.8359375 0.65546875 0.046875 0.10625
1 0.90390625 0.66015625 0.0328125 0.1140625
1 0.87890625 0.6625 0.0375 0.1375
1 0.9328125 0.66875 0.0390625 0.059375
1 0.015625 0.696875 0.03125 0.1125
1 0.72734375 0.74140625 0.09375 0.1484375
1 0.5484375 0.7421875 0.0703125 0.1
1 0.12421875 0.76328125 0.1078125 0.2109375
1 0.95 0.778125 0.0984375 0.1671875
1 0.4359375 0.78359375 0.0875 0.228125
1 0.2734375 0.82109375 0.0625 0.3125
1 0.63046875 0.846875 0.0578125 0.30625
1 0.80234375 0.85078125 0.1359375 0.29375
1 0.04765625 0.85546875 0.0953125 0.2828125
1 0.17734375 0.85703125 0.1671875 0.278125
1 0.41328125 0.8625 0.165625 0.2703125
1 0.2859375 0.8765625 0.2609375 0.2453125
1 0.52890625 0.89453125 0.1046875 0.2109375