1 0.25 0.19609375 0.075 0.1609375
1 0.33515625 0.22265625 0.1078125 0.2484375
1 0.80078125 0.26875 0.115625 0.240625
1 0.55078125 0.28671875 0.0328125 0.1109375
1 0.50546875 0.296875 0.034375 0.09375
1 0.40625 0.3203125 0.0796875 0.146875
1 0.24921875 0.3234375 0.05625 0.1171875
1 0.625 0.32890625 0.0515625 0.1296875
1 0.659375 0.33046875 0.028125 0.10625
1 0.8765625 0.33046875 0.0328125 0.10625
1 0.8359375 0.33125 0.0453125 0.103125
1 0.475 0.3421875 0.059375 0.1265625
1 0.6109375 0.38359375 0.05625 0.159375
1 0.3515625 0.39453125 0.0640625 0.15625
1 0.72421875 0.396875 0.078125 0.190625
1 0.2984375 0.40625 0.0546875 0.159375
1 0.42734375 0.446875 0.04375 0.1640625
1 0.590625 0.45234375 0.1546875 0.334375
1 0.47109375 0.49453125 0.0796875 0.1765625
1 0.94921875 0.51328125 0.1015625 0.4296875
1 0.8265625 0.5828125 0.2171875 0.43125
1 0.28203125 0.61953125 0.1328125 0.334375
1 0.6578125 0.625 0.165625 0.359375
1 0.48125 0.63828125 0.2515625 0.4953125
1 0.21640625 0.76796875 0.309375 0.4625
1 0.09375 0.77421875 0.1640625 0.4515625
1 0.725 0.853125 0.38125 0.2890625