1 0.21796875 0.1890625 0.1953125 0.378125
1 0.53359375 0.20703125 0.15625 0.4
1 0.72734375 0.2578125 0.146875 0.4375
1 0.91953125 0.334375 0.1609375 0.65625
1 0.19921875 0.3359375 0.0765625 0.1125
1 0.39296875 0.33984375 0.1265625 0.1890625
1 0.30390625 0.346875 0.0703125 0.1203125
1 0.10703125 0.3796875 0.1984375 0.359375
1 0.4734375 0.5796875 0.1703125 0.4921875
1 0.86328125 0.70234375 0.18125 0.5890625
1 0.2625 0.7046875 0.1734375 0.590625
1 0.10625 0.7125 0.203125 0.575
1 0.65703125 0.075 0.11875 0.15
1 0.67109375 0.79609375 0.171875 0.3328125
1 0.6015625 0.9046875 0.2109375 0.190625
1 0.78984375 0.91953125 0.2171875 0.1609375
1 0.94375 0.93046875 0.1125 0.1390625