1 0.4765625 0.40625 0.021875 0.05625
1 0.89453125 0.40625 0.028125 0.1078125
1 0.86953125 0.4125 0.021875 0.13125
1 0.9375 0.440625 0.046875 0.1046875
1 0.540625 0.44609375 0.0578125 0.203125
1 0.3890625 0.45390625 0.0375 0.178125
1 0.16953125 0.45390625 0.071875 0.115625
1 0.85234375 0.484375 0.0921875 0.4390625
1 0.46171875 0.5 0.0765625 0.375
1 0.28984375 0.5140625 0.246875 0.9484375
1 0.07890625 0.61953125 0.1234375 0.6421875
1 0.6515625 0.63515625 0.140625 0.7296875
1 0.80859375 0.67890625 0.1875 0.640625