1 0.72734375 0.24921875 0.1796875 0.1421875
1 0.92734375 0.31953125 0.1453125 0.2390625
1 0.60234375 0.33671875 0.2234375 0.2078125
1 0.409375 0.34921875 0.215625 0.2171875
1 0.79296875 0.3765625 0.1890625 0.109375
1 0.0859375 0.40078125 0.15625 0.1796875
1 0.63046875 0.453125 0.23125 0.1609375
1 0.45078125 0.45546875 0.153125 0.1421875
1 0.84453125 0.53828125 0.3078125 0.2328125
1 0.15625 0.675 0.2625 0.65
1 0.2828125 0.74140625 0.3296875 0.5078125
1 0.6296875 0.75703125 0.3828125 0.48125
1 0.88203125 0.80859375 0.2359375 0.375