1 0.790625 0.6578125 0.0125 0.046875
1 0.80703125 0.66015625 0.0171875 0.0515625
1 0.934375 0.7234375 0.0609375 0.121875
1 0.6703125 0.7265625 0.034375 0.096875
1 0.51875 0.75703125 0.015625 0.078125
1 0.546875 0.76328125 0.0125 0.0890625
1 0.5359375 0.76640625 0.0125 0.084375
1 0.1859375 0.79453125 0.0109375 0.021875
1 0.17890625 0.8 0.028125 0.071875
1 0.14609375 0.803125 0.009375 0.0234375
1 0.221875 0.80625 0.0234375 0.0875
1 0.18046875 0.82578125 0.0078125 0.028125
1 0.7796875 0.834375 0.015625 0.1171875
1 0.79375 0.8453125 0.0203125 0.0984375
1 0.3125 0.8609375 0.0296875 0.1015625