1 0.7359375 0.31015625 0.0375 0.09375
1 0.65390625 0.31484375 0.028125 0.0625
1 0.5796875 0.315625 0.034375 0.05
1 0.61875 0.31796875 0.0328125 0.05
1 0.6921875 0.32109375 0.0375 0.05625
1 0.97890625 0.32265625 0.0234375 0.078125
1 0.8171875 0.3234375 0.03125 0.075
1 0.95703125 0.3234375 0.0421875 0.125
1 0.46640625 0.325 0.03125 0.0546875
1 0.9171875 0.325 0.0359375 0.1234375
1 0.49453125 0.328125 0.025 0.0484375
1 0.77421875 0.3296875 0.04375 0.0828125
1 0.546875 0.334375 0.0265625 0.0546875
1 0.5203125 0.3375 0.03125 0.0796875
1 0.44140625 0.340625 0.0296875 0.05
1 0.85078125 0.3453125 0.040625 0.171875
1 0.5890625 0.3546875 0.0359375 0.059375
1 0.6203125 0.3546875 0.0265625 0.05
1 0.5515625 0.3671875 0.0296875 0.04375
1 0.4578125 0.371875 0.0265625 0.046875
1 0.49296875 0.37265625 0.0296875 0.040625
1 0.42578125 0.38515625 0.034375 0.0671875
1 0.96796875 0.4046875 0.034375 0.05
1 0.671875 0.409375 0.0375 0.1546875
1 0.56953125 0.4203125 0.04375 0.059375
1 0.44140625 0.43515625 0.0375 0.0796875
1 0.49375 0.496875 0.03125 0.075
1 0.3453125 0.50859375 0.053125 0.1828125
1 0.21171875 0.5359375 0.0578125 0.290625
1 0.74375 0.5421875 0.071875 0.315625
1 0.40546875 0.54296875 0.090625 0.43125
1 0.80859375 0.5515625 0.065625 0.309375
1 0.0765625 0.55859375 0.059375 0.253125
1 0.25234375 0.5625 0.153125 0.434375
1 0.9640625 0.56484375 0.06875 0.2984375
1 0.12734375 0.56796875 0.065625 0.228125
1 0.96640625 0.5734375 0.0625 0.34375
1 0.46796875 0.5859375 0.05 0.2
1 0.5609375 0.58984375 0.0703125 0.2171875
1 0.50625 0.5953125 0.0515625 0.190625
1 0.91484375 0.59765625 0.0703125 0.20625
1 0.859375 0.59921875 0.065625 0.2140625
1 0.64453125 0.609375 0.10625 0.2984375