1 0.8171875 0.50625 0.015625 0.0703125
1 0.48046875 0.50625 0.021875 0.0515625
1 0.8484375 0.51015625 0.025 0.0953125
1 0.82421875 0.51171875 0.025 0.065625
1 0.2 0.5125 0.0125 0.078125
1 0.78125 0.515625 0.03125 0.0796875
1 0.0640625 0.515625 0.0203125 0.0671875
1 0.0546875 0.51640625 0.028125 0.0671875
1 0.31796875 0.53125 0.0796875 0.240625
1 0.9625 0.5484375 0.071875 0.2453125
1 0.734375 0.55078125 0.078125 0.290625
1 0.45625 0.553125 0.075 0.209375
1 0.02109375 0.57109375 0.0390625 0.35
1 0.603125 0.57109375 0.08125 0.328125
1 0.39765625 0.571875 0.09375 0.3046875
1 0.3140625 0.57578125 0.11875 0.3390625
1 0.51953125 0.58203125 0.0921875 0.3625
1 0.13828125 0.59375 0.1046875 0.4359375