1 0.45546875 0.3625 0.059375 0.0515625
1 0.54375 0.36484375 0.0375 0.0859375
1 0.25546875 0.3734375 0.034375 0.0640625
1 0.15 0.3859375 0.0421875 0.1421875
1 0.3484375 0.396875 0.0390625 0.1203125
1 0.40703125 0.39921875 0.0359375 0.08125
1 0.57578125 0.40234375 0.0578125 0.1421875
1 0.5125 0.41328125 0.0546875 0.134375
1 0.2046875 0.4171875 0.046875 0.1328125
1 0.44375 0.43046875 0.05 0.0703125
1 0.7328125 0.4515625 0.0796875 0.24375
1 0.31171875 0.45234375 0.0640625 0.1734375
1 0.3859375 0.45390625 0.0515625 0.128125
1 0.6625 0.4578125 0.0828125 0.2375
1 0.83984375 0.4625 0.103125 0.2734375
1 0.61875 0.56640625 0.1046875 0.2015625
1 0.54609375 0.5734375 0.0703125 0.165625
1 0.48203125 0.57578125 0.078125 0.1875
1 0.121875 0.5890625 0.1234375 0.4578125
1 0.85234375 0.6078125 0.05625 0.209375
1 0.9296875 0.62578125 0.1140625 0.1875
1 0.40546875 0.63984375 0.109375 0.3125
1 0.7640625 0.6421875 0.1078125 0.2796875
1 0.2765625 0.67578125 0.1390625 0.4375