1 0.58125 0.3234375 0.0609375 0.2625
1 0.1546875 0.34765625 0.040625 0.075
1 0.709375 0.3578125 0.075 0.121875
1 0.796875 0.3578125 0.1078125 0.18125
1 0.2234375 0.3671875 0.0453125 0.071875
1 0.2859375 0.3734375 0.0828125 0.1421875
1 0.503125 0.3828125 0.0625 0.1984375
1 0.571875 0.38515625 0.075 0.1421875
1 0.4203125 0.3859375 0.0625 0.1265625
1 0.35703125 0.38984375 0.0625 0.1046875
1 0.6625 0.3953125 0.0703125 0.1375
1 0.784375 0.43125 0.0984375 0.13125
1 0.30625 0.43125 0.09375 0.1046875
1 0.87109375 0.43125 0.090625 0.1046875
1 0.62265625 0.4359375 0.0984375 0.1046875
1 0.39921875 0.44296875 0.08125 0.1015625
1 0.546875 0.44765625 0.0890625 0.090625
1 0.20234375 0.44765625 0.04375 0.109375
1 0.71328125 0.44921875 0.103125 0.11875
1 0.46328125 0.45078125 0.0828125 0.0953125
1 0.07578125 0.51875 0.0984375 0.3765625
1 0.946875 0.53046875 0.1046875 0.3515625
1 0.1484375 0.5453125 0.0921875 0.3296875