1 0.2640625 0.25 0.0390625 0.1625
1 0.41171875 0.2734375 0.034375 0.0953125
1 0.37421875 0.28203125 0.046875 0.1484375
1 0.47890625 0.31171875 0.05625 0.1671875
1 0.53046875 0.32890625 0.0453125 0.175
1 0.296875 0.33359375 0.0421875 0.1328125
1 0.54140625 0.03984375 0.04375 0.0421875
1 0.61640625 0.4171875 0.0859375 0.1671875
1 0.5046875 0.43046875 0.0390625 0.0625
1 0.1328125 0.04375 0.028125 0.0859375
1 0.26484375 0.45078125 0.0296875 0.128125
1 0.5625 0.45859375 0.0359375 0.0921875
1 0.45234375 0.4671875 0.0390625 0.0703125
1 0.38828125 0.4828125 0.0578125 0.171875
1 0.60390625 0.49453125 0.0359375 0.0921875
1 0.52109375 0.4953125 0.03125 0.0796875
1 0.7046875 0.52578125 0.1 0.18125
1 0.83671875 0.05546875 0.059375 0.096875
1 0.228125 0.64296875 0.175 0.45625
1 0.3921875 0.671875 0.04375 0.30625
1 0.65 0.68125 0.053125 0.278125
1 0.3390625 0.68828125 0.0625 0.2609375
1 0.5890625 0.690625 0.08125 0.253125
1 0.5140625 0.6984375 0.0515625 0.3
1 0.2359375 0.7015625 0.1265625 0.3046875
1 0.45 0.70546875 0.059375 0.3
1 0.7484375 0.0765625 0.0296875 0.121875
1 0.95625 0.11953125 0.0421875 0.153125
1 0.8421875 0.12578125 0.0328125 0.1703125
1 0.040625 0.128125 0.0609375 0.23125
1 0.47890625 0.128125 0.0390625 0.1828125
1 0.89921875 0.128125 0.04375 0.24375
1 0.7921875 0.14140625 0.0671875 0.146875
1 0.7046875 0.14296875 0.046875 0.190625
1 0.5375 0.14375 0.0609375 0.19375
1 0.08515625 0.14609375 0.0453125 0.1875
1 0.621875 0.153125 0.0796875 0.2625
1 0.140625 0.159375 0.05625 0.1671875