1 0.76171875 0.32734375 0.0765625 0.153125
1 0.8203125 0.33125 0.0640625 0.0625
1 0.42734375 0.37578125 0.075 0.1546875
1 0.54453125 0.38203125 0.0625 0.075
1 0.69921875 0.38359375 0.1015625 0.1203125
1 0.3015625 0.42890625 0.06875 0.1109375
1 0.7171875 0.47890625 0.0828125 0.0875
1 0.58828125 0.4921875 0.0796875 0.2078125
1 0.4921875 0.50390625 0.1234375 0.4375
1 0.11171875 0.54375 0.1125 0.1875
1 0.19296875 0.54921875 0.0671875 0.1296875
1 0.8890625 0.5625 0.1546875 0.475
1 0.28515625 0.57734375 0.125 0.3421875
1 0.41171875 0.6109375 0.146875 0.4328125
1 0.79921875 0.65859375 0.1328125 0.3390625
1 0.18671875 0.66015625 0.13125 0.2203125
1 0.70625 0.6984375 0.1203125 0.3203125
1 0.5265625 0.71796875 0.128125 0.278125
1 0.09375 0.72734375 0.10625 0.259375
1 0.1828125 0.7890625 0.14375 0.221875
1 0.42734375 0.84765625 0.3359375 0.3046875
1 0.39140625 0.8609375 0.2078125 0.278125
1 0.23203125 0.89453125 0.1234375 0.2109375
1 0.153125 0.90625 0.15 0.1875