1 0.11015625 0.6203125 0.0453125 0.0453125
1 0.653125 0.621875 0.0421875 0.0515625
1 0.23359375 0.70625 0.0546875 0.1375
1 0.909375 0.7296875 0.05625 0.23125
1 0.27109375 0.7609375 0.0546875 0.284375
1 0.68203125 0.76875 0.1 0.3390625
1 0.640625 0.7703125 0.1125 0.3515625
1 0.36328125 0.77109375 0.0625 0.3046875
1 0.4671875 0.7765625 0.071875 0.3625
1 0.29609375 0.77734375 0.0953125 0.3375
1 0.42421875 0.78046875 0.1046875 0.3421875
1 0.75546875 0.784375 0.0734375 0.3546875
1 0.859375 0.7875 0.084375 0.375
1 0.528125 0.78828125 0.1484375 0.3859375
1 0.9203125 0.790625 0.0984375 0.3640625
1 0.80625 0.79765625 0.1078125 0.36875
1 0.95625 0.803125 0.0875 0.3546875