1 0.97734375 0.284375 0.009375 0.046875
1 0.95234375 0.2890625 0.0328125 0.0421875
1 0.9546875 0.321875 0.0171875 0.046875
1 0.6765625 0.33125 0.0171875 0.034375
1 0.73984375 0.33203125 0.0203125 0.0265625
1 0.9890625 0.33203125 0.0171875 0.0296875
1 0.65234375 0.33359375 0.0234375 0.0296875
1 0.70390625 0.33671875 0.01875 0.0359375
1 0.7171875 0.3453125 0.0171875 0.0328125
1 0.7359375 0.35546875 0.0234375 0.0359375
1 0.60703125 0.359375 0.0203125 0.025
1 0.6765625 0.36015625 0.0203125 0.0296875
1 0.65078125 0.36484375 0.01875 0.0265625
1 0.99140625 0.37265625 0.0171875 0.0421875
1 0.5921875 0.37421875 0.015625 0.0296875
1 0.6296875 0.37421875 0.0203125 0.0296875
1 0.96328125 0.378125 0.01875 0.04375
1 0.70390625 0.38359375 0.028125 0.0578125
1 0.5859375 0.3875 0.0171875 0.034375
1 0.60546875 0.38828125 0.015625 0.0296875
1 0.73203125 0.38828125 0.025 0.0453125
1 0.64921875 0.3890625 0.0203125 0.028125
1 0.56171875 0.3921875 0.0234375 0.046875
1 0.66953125 0.3953125 0.025 0.0265625
1 0.7546875 0.4 0.0203125 0.0265625
1 0.5859375 0.40703125 0.01875 0.0296875
1 0.6765625 0.4109375 0.0203125 0.028125
1 0.5421875 0.41171875 0.0203125 0.0453125
1 0.72578125 0.4171875 0.01875 0.028125
1 0.97421875 0.4171875 0.0203125 0.0375
1 0.57890625 0.421875 0.0234375 0.028125
1 0.64921875 0.425 0.0171875 0.034375
1 0.53359375 0.428125 0.0203125 0.0390625
1 0.75390625 0.4296875 0.0109375 0.028125
1 0.49453125 0.43046875 0.0125 0.0390625
1 0.62734375 0.4328125 0.0171875 0.0265625
1 0.47890625 0.4359375 0.025 0.025
1 0.51328125 0.4390625 0.025 0.028125
1 0.56796875 0.44453125 0.0109375 0.0203125
1 0.5328125 0.4484375 0.0203125 0.028125
1 0.68515625 0.45 0.01875 0.028125
1 0.55078125 0.4515625 0.01875 0.0390625
1 0.48828125 0.45625 0.0125 0.0203125
1 0.60078125 0.45625 0.025 0.0390625
1 0.6609375 0.45859375 0.01875 0.0296875
1 0.5484375 0.4671875 0.025 0.01875
1 0.63828125 0.4671875 0.0203125 0.0375
1 0.5296875 0.46796875 0.0203125 0.0359375
1 0.7296875 0.46796875 0.01875 0.0296875
1 0.6859375 0.47265625 0.0203125 0.0390625
1 0.56015625 0.4765625 0.0203125 0.028125
1 0.67109375 0.47734375 0.0234375 0.0359375
1 0.71171875 0.478125 0.0234375 0.028125
1 0.51171875 0.4828125 0.0203125 0.025
1 0.5421875 0.484375 0.0203125 0.0265625
1 0.5203125 0.4921875 0.028125 0.025
1 0.1 0.5046875 0.0265625 0.0234375
1 0.05625 0.51015625 0.0171875 0.0296875
1 0.3015625 0.5171875 0.0203125 0.0390625
1 0.6109375 0.51953125 0.015625 0.0265625
1 0.2859375 0.52421875 0.0125 0.0265625
1 0.08515625 0.5359375 0.025 0.0640625
1 0.3609375 0.5453125 0.071875 0.225
1 0.1375 0.5640625 0.0453125 0.1671875
1 0.0078125 0.56796875 0.015625 0.1703125
1 0.03828125 0.5703125 0.04375 0.159375
1 0.253125 0.57890625 0.03125 0.1296875
1 0.578125 0.5828125 0.0828125 0.25625
1 0.6734375 0.5859375 0.028125 0.184375
1 0.5296875 0.5875 0.04375 0.1765625
1 0.1890625 0.58828125 0.1078125 0.459375
1 0.71171875 0.5890625 0.0265625 0.1875
1 0.6484375 0.59453125 0.0265625 0.1796875
1 0.975 0.60234375 0.0484375 0.303125
1 0.1078125 0.60234375 0.0671875 0.1609375
1 0.84609375 0.609375 0.253125 0.78125
1 0.44140625 0.6140625 0.1046875 0.4203125
1 0.31484375 0.64140625 0.0953125 0.2296875