1 0.2734375 0.46484375 0.015625 0.0703125
1 0.25 0.4765625 0.0171875 0.0578125
1 0.79765625 0.4765625 0.015625 0.1109375
1 0.78828125 0.47734375 0.0203125 0.0578125
1 0.0453125 0.47734375 0.021875 0.075
1 0.60859375 0.4875 0.0125 0.0859375
1 0.5984375 0.4890625 0.0125 0.090625
1 0.328125 0.4890625 0.0125 0.0859375
1 0.6765625 0.49140625 0.025 0.0921875
1 0.1421875 0.5 0.0234375 0.1046875
1 0.40859375 0.5 0.0328125 0.1125
1 0.52890625 0.5015625 0.021875 0.115625
1 0.50234375 0.50234375 0.0359375 0.1078125
1 0.15703125 0.50234375 0.0234375 0.1109375
1 0.0640625 0.50390625 0.021875 0.0875
1 0.33046875 0.5046875 0.0296875 0.109375
1 0.62578125 0.50859375 0.0234375 0.1640625
1 0.87890625 0.50859375 0.040625 0.1609375
1 0.29296875 0.50859375 0.0296875 0.1296875
1 0.73515625 0.5125 0.028125 0.1375
1 0.42265625 0.51640625 0.0609375 0.1015625
1 0.70078125 0.5203125 0.021875 0.1484375
1 0.82578125 0.53125 0.05 0.2
1 0.12890625 0.53515625 0.040625 0.1921875
1 0.03671875 0.5390625 0.046875 0.190625
1 0.6515625 0.5421875 0.046875 0.2234375
1 0.1 0.54765625 0.065625 0.2125
1 0.25078125 0.56015625 0.065625 0.1625
1 0.1921875 0.5609375 0.0734375 0.2203125
1 0.96015625 0.5859375 0.071875 0.3421875
1 0.771875 0.5890625 0.0921875 0.315625