1 0.70546875 0.30625 0.0546875 0.1109375
1 0.21640625 0.33828125 0.1328125 0.2328125
1 0.6125 0.340625 0.046875 0.1078125
1 0.36953125 0.37421875 0.075 0.2359375
1 0.503125 0.38125 0.0515625 0.175
1 0.8 0.38984375 0.0734375 0.23125
1 0.10390625 0.615625 0.1875 0.7484375
1 0.28203125 0.61953125 0.1921875 0.759375
1 0.6609375 0.63984375 0.1046875 0.56875
1 0.8796875 0.64375 0.171875 0.7109375
1 0.43984375 0.646875 0.1515625 0.6875
1 0.55625 0.64921875 0.1328125 0.7
1 0.72734375 0.67421875 0.171875 0.6515625