1 0.51171875 0.4171875 0.0203125 0.0125
1 0.37734375 0.41796875 0.0203125 0.015625
1 0.4765625 0.41875 0.0203125 0.015625
1 0.36640625 0.43125 0.0265625 0.0203125
1 0.33359375 0.43125 0.0234375 0.025
1 0.49375 0.43515625 0.0265625 0.0265625
1 0.53515625 0.43671875 0.0390625 0.028125
1 0.30546875 0.44453125 0.04375 0.0390625
1 0.24296875 0.45078125 0.04375 0.0328125
1 0.26953125 0.45078125 0.0109375 0.0203125
1 0.55625 0.45390625 0.0203125 0.0375
1 0.5984375 0.46484375 0.075 0.0609375
1 0.35546875 0.4734375 0.0578125 0.05
1 0.6484375 0.48125 0.0984375 0.0859375
1 0.3046875 0.49453125 0.1078125 0.059375
1 0.71015625 0.53359375 0.128125 0.1640625
1 0.26015625 0.5484375 0.034375 0.0515625
1 0.8078125 0.59375 0.184375 0.221875
1 0.1578125 0.64453125 0.1484375 0.3015625
1 0.93203125 0.66796875 0.1359375 0.2984375