1 0.7671875 0.353125 0.0203125 0.04375
1 0.0390625 0.36953125 0.01875 0.0359375
1 0.66953125 0.38203125 0.025 0.059375
1 0.5390625 0.3859375 0.0265625 0.0421875
1 0.7859375 0.3859375 0.0234375 0.0453125
1 0.55546875 0.3921875 0.0203125 0.03125
1 0.9109375 0.39921875 0.0390625 0.065625
1 0.378125 0.48203125 0.06875 0.28125
1 0.43671875 0.48203125 0.0546875 0.2375
1 0.31640625 0.51171875 0.1109375 0.3140625
1 0.49921875 0.5125 0.0984375 0.3390625
1 0.56796875 0.53046875 0.0796875 0.353125
1 0.63984375 0.54296875 0.1125 0.39375
1 0.071875 0.5703125 0.1265625 0.6078125
1 0.84765625 0.57421875 0.1234375 0.4484375
1 0.73671875 0.5828125 0.1265625 0.4734375
1 0.92890625 0.66328125 0.1421875 0.6546875
1 0.88671875 0.709375 0.0890625 0.3078125