1 0.40078125 0.79453125 0.0265625 0.1921875
1 0.47265625 0.803125 0.028125 0.1984375
1 0.50703125 0.80703125 0.0359375 0.1828125
1 0.2671875 0.815625 0.0890625 0.35625
1 0.64296875 0.8171875 0.0359375 0.1984375
1 0.86484375 0.8375 0.0625 0.2828125
1 0.43203125 0.83828125 0.034375 0.2859375
1 0.70703125 0.840625 0.0546875 0.271875
1 0.884375 0.840625 0.053125 0.2765625
1 0.9109375 0.84296875 0.0515625 0.2796875
1 0.95703125 0.84609375 0.0546875 0.271875
1 0.7796875 0.846875 0.05 0.2109375
1 0.59921875 0.8484375 0.0765625 0.2734375