1 0.5046875 0.25390625 0.1296875 0.353125
1 0.74375 0.25703125 0.0859375 0.29375
1 0.64453125 0.36640625 0.109375 0.2515625
1 0.38671875 0.43515625 0.1375 0.196875
1 0.05859375 0.44765625 0.10625 0.334375
1 0.61328125 0.59921875 0.1140625 0.39375
1 0.30859375 0.63125 0.1953125 0.3109375
1 0.73828125 0.70703125 0.1203125 0.3453125
1 0.83828125 0.84296875 0.1328125 0.3140625
1 0.4671875 0.84921875 0.146875 0.3015625
1 0.259375 0.8609375 0.203125 0.278125
1 0.275 0.0921875 0.09375 0.18125
1 0.06328125 0.14296875 0.0875 0.2328125
1 0.16484375 0.14375 0.0984375 0.1875
1 0.3609375 0.15546875 0.1265625 0.2453125