1 0.021875 0.3078125 0.04375 0.190625
1 0.83671875 0.31484375 0.0890625 0.2234375
1 0.75546875 0.35234375 0.0890625 0.2171875
1 0.409375 0.3921875 0.1078125 0.2453125
1 0.575 0.40625 0.05 0.1828125
1 0.153125 0.42265625 0.0953125 0.2328125
1 0.2265625 0.44765625 0.0765625 0.1484375
1 0.92421875 0.60859375 0.1515625 0.7828125
1 0.70234375 0.61484375 0.234375 0.7609375
1 0.821875 0.625 0.153125 0.7375
1 0.5078125 0.625 0.2265625 0.740625
1 0.31171875 0.625 0.2375 0.7484375
1 0.1328125 0.66484375 0.2625 0.6671875
1 0.13828125 0.23125 0.096875 0.15