0 0.46875 0.9326923076923077 0.061899038461538464 0.11087740384615384
0 0.8545673076923077 0.09615384615384616 0.0907451923076923 0.09014423076923077
0 0.3629807692307692 0.109375 0.08713942307692307 0.15564903846153846
0 0.5132211538461539 0.19951923076923078 0.11268028846153846 0.16856971153846154
0 0.5685096153846154 0.36538461538461536 0.10426682692307693 0.10486778846153846
0 0.8954326923076923 0.3713942307692308 0.038461538461538464 0.11778846153846154
0 0.46033653846153844 0.4326923076923077 0.07151442307692307 0.07151442307692307
0 0.8509615384615384 0.47716346153846156 0.08563701923076923 0.08563701923076923
0 0.31971153846153844 0.5276442307692307 0.08203125 0.08173076923076923
0 0.7295673076923077 0.5661057692307693 0.06129807692307692 0.06129807692307692
0 0.9627403846153846 0.7007211538461539 0.06971153846153846 0.0889423076923077
0 0.036057692307692304 0.7007211538461539 0.07211538461538461 0.0985576923076923
0 0.7776442307692307 0.8173076923076923 0.03665865384615385 0.11538461538461539
0 0.6935096153846154 0.08413461538461539 0.14483173076923078 0.14483173076923078