0 0.46875 0.9326923076923077 0.06129807692307692 0.11117788461538461
0 0.8545673076923077 0.09615384615384616 0.09044471153846154 0.09014423076923077
0 0.3629807692307692 0.109375 0.08713942307692307 0.15564903846153846
0 0.5132211538461539 0.19951923076923078 0.14002403846153846 0.14122596153846154
0 0.5685096153846154 0.36538461538461536 0.10396634615384616 0.10516826923076923
0 0.8954326923076923 0.3713942307692308 0.078125 0.078125
0 0.46033653846153844 0.4326923076923077 0.07151442307692307 0.07151442307692307
0 0.8509615384615384 0.47716346153846156 0.0859375 0.0859375
0 0.31971153846153844 0.5276442307692307 0.08203125 0.08173076923076923
0 0.7295673076923077 0.5661057692307693 0.0625 0.06009615384615385
0 0.9627403846153846 0.7007211538461539 0.06971153846153846 0.0889423076923077
0 0.02403846153846154 0.7007211538461539 0.04807692307692308 0.14152644230769232
0 0.7776442307692307 0.8173076923076923 0.07602163461538461 0.07572115384615384
0 0.6935096153846154 0.08413461538461539 0.13671875 0.15354567307692307