1 0.6203125 0.22734375 0.0328125 0.1296875
1 0.26640625 0.23046875 0.0390625 0.103125
1 0.33671875 0.328125 0.0390625 0.1421875
1 0.2859375 0.33359375 0.04375 0.140625
1 0.715625 0.40390625 0.05 0.171875
1 0.41171875 0.47265625 0.034375 0.0546875
1 0.5671875 0.50625 0.0296875 0.059375
1 0.396875 0.51640625 0.0234375 0.0421875
1 0.5703125 0.5875 0.0875 0.16875
1 0.63828125 0.59453125 0.0703125 0.2625
1 0.503125 0.60859375 0.0609375 0.1796875
1 0.71875 0.62578125 0.05625 0.2125
1 0.44921875 0.67890625 0.046875 0.0546875
1 0.7609375 0.809375 0.09375 0.20625
1 0.465625 0.834375 0.08125 0.3125
1 0.853125 0.8453125 0.0875 0.309375
1 0.91640625 0.87578125 0.0875 0.24375
1 0.765625 0.909375 0.0984375 0.178125
1 0.28125 0.11640625 0.025 0.059375
1 0.19609375 0.134375 0.0265625 0.090625
1 0.25078125 0.15546875 0.028125 0.084375
1 0.296875 0.18046875 0.0296875 0.05625
1 0.67734375 0.20390625 0.0375 0.1296875
1 0.65 0.20703125 0.0359375 0.125