1 0.81015625 0.303125 0.05 0.15
1 0.565625 0.49375 0.0296875 0.059375
1 0.39296875 0.521875 0.0578125 0.059375
1 0.61484375 0.58515625 0.08125 0.121875
1 0.503125 0.60703125 0.0609375 0.1796875
1 0.8609375 0.83359375 0.0828125 0.2796875
1 0.778125 0.85 0.0859375 0.271875
1 0.4484375 0.8609375 0.0875 0.278125
1 0.196875 0.08828125 0.0328125 0.0984375
1 0.27890625 0.115625 0.025 0.0609375
1 0.61015625 0.11875 0.0265625 0.0484375
1 0.31875 0.12109375 0.03125 0.0671875
1 0.6171875 0.165625 0.0390625 0.1