1 0.33359375 0.22421875 0.04375 0.109375
1 0.240625 0.23828125 0.0296875 0.09375
1 0.2875 0.25546875 0.0390625 0.1109375
1 0.7140625 0.29375 0.0453125 0.1609375
1 0.80234375 0.31484375 0.0421875 0.153125
1 0.26015625 0.33125 0.05 0.1671875
1 0.33984375 0.40625 0.0625 0.1875
1 0.21328125 0.440625 0.0546875 0.134375
1 0.39140625 0.52265625 0.0609375 0.0625
1 0.2046875 0.528125 0.065625 0.1921875
1 0.03984375 0.53125 0.053125 0.225
1 0.14921875 0.56484375 0.0578125 0.2109375
1 0.09296875 0.57109375 0.059375 0.2109375
1 0.50390625 0.61015625 0.0671875 0.18125
1 0.21640625 0.8125 0.059375 0.234375
1 0.190625 0.846875 0.090625 0.30625
1 0.2 0.103125 0.0234375 0.0828125
1 0.3078125 0.11015625 0.0265625 0.075
1 0.27578125 0.134375 0.03125 0.08125
1 0.6671875 0.15078125 0.0296875 0.09375
1 0.71796875 0.15625 0.040625 0.0796875
1 0.29921875 0.17734375 0.0375 0.0625
1 0.61015625 0.19375 0.0328125 0.1109375