1 0.228125 0.228125 0.03125 0.115625
1 0.6453125 0.23671875 0.0484375 0.1296875
1 0.34296875 0.24453125 0.040625 0.11875
1 0.39140625 0.26796875 0.053125 0.15
1 0.4375 0.26875 0.0484375 0.1421875
1 0.30234375 0.28515625 0.046875 0.146875
1 0.72265625 0.29140625 0.05625 0.1421875
1 0.2625 0.29375 0.040625 0.140625
1 0.7484375 0.34375 0.046875 0.171875
1 0.81484375 0.35390625 0.0453125 0.1671875
1 0.209375 0.378125 0.0390625 0.153125
1 0.0453125 0.521875 0.053125 0.1421875
1 0.3890625 0.52265625 0.0578125 0.0609375
1 0.21796875 0.55703125 0.0625 0.228125
1 0.5046875 0.60625 0.065625 0.184375
1 0.0703125 0.70625 0.059375 0.2390625
1 0.02421875 0.70703125 0.0484375 0.2359375
1 0.20390625 0.73671875 0.0375 0.1140625
1 0.18984375 0.85625 0.090625 0.2875
1 0.30078125 0.09765625 0.025 0.0625
1 0.20078125 0.10390625 0.021875 0.0828125
1 0.34453125 0.11171875 0.025 0.0484375
1 0.6734375 0.153125 0.0328125 0.096875
1 0.346875 0.159375 0.0390625 0.0640625
1 0.715625 0.16640625 0.0578125 0.096875
1 0.3 0.16875 0.0328125 0.0875
1 0.25625 0.196875 0.0203125 0.08125