1 0.31171875 0.21796875 0.0421875 0.128125
1 0.36640625 0.27265625 0.0640625 0.2125
1 0.278125 0.284375 0.0421875 0.159375
1 0.678125 0.28828125 0.04375 0.1390625
1 0.7234375 0.36796875 0.059375 0.178125
1 0.7984375 0.409375 0.0515625 0.190625
1 0.84921875 0.42421875 0.053125 0.1796875
1 0.39296875 0.51875 0.01875 0.078125
1 0.4046875 0.53515625 0.0390625 0.059375
1 0.0828125 0.54453125 0.053125 0.1984375
1 0.13046875 0.54453125 0.05625 0.2
1 0.50390625 0.609375 0.065625 0.1859375
1 0.0359375 0.8 0.071875 0.2890625
1 0.21328125 0.81796875 0.059375 0.2359375
1 0.23046875 0.08359375 0.025 0.0828125
1 0.19453125 0.85 0.0921875 0.3
1 0.20546875 0.08671875 0.025 0.0859375
1 0.67265625 0.15234375 0.0296875 0.096875
1 0.23203125 0.16953125 0.034375 0.0734375
1 0.71953125 0.17265625 0.065625 0.1
1 0.2046875 0.19609375 0.0296875 0.10625