1 0.63359375 0.22421875 0.0359375 0.1234375
1 0.66640625 0.22890625 0.0421875 0.134375
1 0.325 0.24609375 0.0296875 0.10625
1 0.28828125 0.25078125 0.0390625 0.125
1 0.784375 0.26796875 0.05 0.14375
1 0.79921875 0.271875 0.0296875 0.18125
1 0.58203125 0.57578125 0.1046875 0.1734375
1 0.503125 0.60625 0.0609375 0.18125
1 0.815625 0.625 0.065625 0.2625
1 0.74453125 0.62890625 0.078125 0.2625
1 0.778125 0.62890625 0.1375 0.2796875
1 0.87265625 0.640625 0.0625 0.2421875
1 0.68515625 0.67421875 0.0734375 0.25
1 0.45390625 0.728125 0.0546875 0.125
1 0.4546875 0.8640625 0.08125 0.271875
1 0.609375 0.9015625 0.096875 0.196875
1 0.71328125 0.93203125 0.0890625 0.1359375
1 0.278125 0.11640625 0.025 0.059375
1 0.246875 0.15 0.0265625 0.1046875