1 0.35703125 0.23359375 0.0375 0.134375
1 0.6890625 0.24609375 0.040625 0.13125
1 0.3375 0.278125 0.046875 0.178125
1 0.2890625 0.3 0.040625 0.1390625
1 0.67265625 0.34453125 0.059375 0.1984375
1 0.415625 0.48046875 0.0328125 0.04375
1 0.56875 0.521875 0.0203125 0.1140625
1 0.40703125 0.5375 0.0375 0.071875
1 0.5515625 0.53984375 0.0359375 0.0875
1 0.503125 0.60859375 0.059375 0.1796875
1 0.58671875 0.7 0.08125 0.2734375
1 0.4453125 0.72578125 0.0828125 0.121875
1 0.659375 0.73046875 0.0734375 0.2484375
1 0.8421875 0.7625 0.0765625 0.28125
1 0.7453125 0.81015625 0.1015625 0.3625
1 0.91328125 0.825 0.078125 0.2875
1 0.4625 0.865625 0.0921875 0.25625
1 0.19609375 0.11640625 0.0234375 0.059375
1 0.278125 0.11640625 0.025 0.0609375
1 0.2484375 0.15234375 0.0265625 0.1
1 0.66484375 0.20703125 0.0375 0.1109375