1 0.24609375 0.21640625 0.0375 0.1296875
1 0.68828125 0.21796875 0.040625 0.121875
1 0.7515625 0.22109375 0.0421875 0.13125
1 0.4375 0.31328125 0.0453125 0.153125
1 0.1890625 0.353125 0.0296875 0.08125
1 0.4203125 0.35390625 0.053125 0.1625
1 0.3734375 0.35703125 0.0515625 0.1640625
1 0.15 0.40234375 0.0546875 0.1421875
1 0.24375 0.42890625 0.0578125 0.184375
1 0.20859375 0.43125 0.034375 0.171875
1 0.29140625 0.44140625 0.059375 0.196875
1 0.75703125 0.45078125 0.0640625 0.178125
1 0.39375 0.52265625 0.0328125 0.0671875
1 0.40703125 0.5375 0.0375 0.0625
1 0.12734375 0.559375 0.034375 0.215625
1 0.17421875 0.57890625 0.065625 0.221875
1 0.50390625 0.609375 0.065625 0.18125
1 0.2140625 0.81015625 0.0609375 0.246875
1 0.190625 0.84765625 0.0921875 0.303125
1 0.18515625 0.12265625 0.0375 0.1125
1 0.25703125 0.14921875 0.025 0.103125
1 0.67109375 0.14921875 0.0296875 0.096875
1 0.771875 0.15546875 0.0390625 0.115625
1 0.2765625 0.165625 0.03125 0.1046875