1 0.68046875 0.22265625 0.0375 0.1171875
1 0.353125 0.2375 0.0515625 0.146875
1 0.26796875 0.23828125 0.0390625 0.1296875
1 0.659375 0.24296875 0.04375 0.134375
1 0.62109375 0.24296875 0.0375 0.13125
1 0.228125 0.253125 0.0375 0.11875
1 0.39296875 0.52265625 0.059375 0.059375
1 0.5046875 0.609375 0.06875 0.18125
1 0.3546875 0.06796875 0.0265625 0.078125
1 0.20546875 0.6875 0.078125 0.1859375
1 0.184375 0.83125 0.0796875 0.253125
1 0.24140625 0.86953125 0.0890625 0.2609375
1 0.81953125 0.92265625 0.1078125 0.153125
1 0.1890625 0.10546875 0.0328125 0.090625
1 0.303125 0.1125 0.0421875 0.0875
1 0.58203125 0.14296875 0.028125 0.08125
1 0.66875 0.14375 0.0265625 0.0796875