1 0.62578125 0.21015625 0.034375 0.11875
1 0.2671875 0.21328125 0.0546875 0.0859375
1 0.2328125 0.24609375 0.0359375 0.1375
1 0.3375 0.25 0.040625 0.1359375
1 0.203125 0.25703125 0.0453125 0.1390625
1 0.71796875 0.25859375 0.0484375 0.1265625
1 0.2671875 0.30390625 0.0421875 0.13125
1 0.31015625 0.309375 0.04375 0.1484375
1 0.7359375 0.31796875 0.0421875 0.14375
1 0.8078125 0.32890625 0.0484375 0.15625
1 0.21484375 0.425 0.04375 0.165625
1 0.2703125 0.47734375 0.0609375 0.21875
1 0.1328125 0.49453125 0.0671875 0.1921875
1 0.38984375 0.52734375 0.028125 0.0796875
1 0.41015625 0.53515625 0.040625 0.05
1 0.01015625 0.584375 0.0203125 0.2234375
1 0.1 0.58671875 0.084375 0.203125
1 0.5046875 0.60859375 0.065625 0.1765625
1 0.05703125 0.61328125 0.06875 0.246875
1 0.21796875 0.81640625 0.071875 0.271875
1 0.18828125 0.8515625 0.0921875 0.296875
1 0.196875 0.10625 0.0328125 0.0921875
1 0.671875 0.15078125 0.0296875 0.0984375
1 0.7203125 0.1625 0.0609375 0.0796875
1 0.2875 0.178125 0.0359375 0.1359375