1 0.39296875 0.52265625 0.0609375 0.059375
1 0.59296875 0.56484375 0.1171875 0.1796875
1 0.07734375 0.603125 0.075 0.2171875
1 0.50390625 0.60703125 0.0640625 0.1796875
1 0.86953125 0.73046875 0.0671875 0.265625
1 0.82265625 0.74453125 0.0703125 0.253125
1 0.4515625 0.75546875 0.0734375 0.153125
1 0.45234375 0.88515625 0.08125 0.2296875
1 0.21171875 0.09140625 0.0234375 0.0828125
1 0.5828125 0.9203125 0.0875 0.159375
1 0.625 0.92265625 0.171875 0.1546875
1 0.66484375 0.92890625 0.0953125 0.1421875
1 0.278125 0.11640625 0.025 0.0625
1 0.3203125 0.12109375 0.0296875 0.06875
1 0.61328125 0.16328125 0.0390625 0.121875
1 0.6484375 0.171875 0.03125 0.1125