1 0.6734375 0.21875 0.0515625 0.134375
1 0.6296875 0.22734375 0.0359375 0.15
1 0.20546875 0.25546875 0.034375 0.11875
1 0.23828125 0.25703125 0.03125 0.1234375
1 0.27734375 0.33828125 0.05 0.190625
1 0.325 0.34453125 0.0484375 0.165625
1 0.2046875 0.38125 0.0453125 0.2
1 0.73359375 0.478125 0.06875 0.234375
1 0.678125 0.48984375 0.0546875 0.225
1 0.3875 0.52578125 0.0359375 0.0734375
1 0.4125 0.52734375 0.0328125 0.0671875
1 0.5140625 0.60546875 0.0890625 0.20625
1 0.7765625 0.60546875 0.0484375 0.1234375
1 0.84453125 0.721875 0.0515625 0.278125
1 0.61796875 0.74375 0.06875 0.309375
1 0.77265625 0.8 0.071875 0.309375
1 0.209375 0.81796875 0.0578125 0.265625
1 0.6796875 0.83203125 0.0984375 0.3109375
1 0.175 0.84765625 0.0703125 0.284375
1 0.27890625 0.12109375 0.03125 0.1125
1 0.66015625 0.12890625 0.025 0.1
1 0.20625 0.1375 0.0265625 0.084375
1 0.7015625 0.16015625 0.0578125 0.084375
1 0.21875 0.16953125 0.0359375 0.078125
1 0.271875 0.19140625 0.0265625 0.075
1 0.31875 0.19453125 0.0390625 0.10625