1 0.321875 0.215625 0.0375 0.1109375
1 0.21328125 0.246875 0.025 0.1265625
1 0.259375 0.25546875 0.04375 0.178125
1 0.68046875 0.309375 0.0515625 0.13125
1 0.3578125 0.31015625 0.05625 0.1625
1 0.31015625 0.31171875 0.0390625 0.1609375
1 0.6375 0.34765625 0.0453125 0.165625
1 0.603125 0.34921875 0.046875 0.16875
1 0.7046875 0.42890625 0.0546875 0.1921875
1 0.81953125 0.45078125 0.053125 0.203125
1 0.4171875 0.475 0.0453125 0.0671875
1 0.87578125 0.478125 0.053125 0.175
1 0.16640625 0.47890625 0.0515625 0.1734375
1 0.12265625 0.48203125 0.0578125 0.178125
1 0.4140625 0.52890625 0.0421875 0.0625
1 0.50390625 0.60703125 0.065625 0.1796875
1 0.2109375 0.72734375 0.0453125 0.075
1 0.1921875 0.84921875 0.0875 0.3
1 0.2140625 0.09765625 0.0265625 0.0875
1 0.240625 0.09765625 0.0265625 0.0796875
1 0.1921875 0.1125 0.0328125 0.0671875
1 0.3078125 0.115625 0.03125 0.075
1 0.66875 0.15078125 0.0265625 0.09375
1 0.7140625 0.16484375 0.0578125 0.1078125