1 0.853125 0.22890625 0.059375 0.153125
1 0.8 0.23203125 0.046875 0.178125
1 0.26640625 0.25 0.040625 0.1234375
1 0.3125 0.25078125 0.040625 0.153125
1 0.69921875 0.25625 0.0421875 0.1
1 0.24765625 0.36484375 0.0625 0.1859375
1 0.21484375 0.37265625 0.0953125 0.1859375
1 0.19609375 0.38046875 0.053125 0.1640625
1 0.7484375 0.40703125 0.053125 0.196875
1 0.7015625 0.41015625 0.0484375 0.171875
1 0.08046875 0.49765625 0.053125 0.1734375
1 0.04140625 0.50546875 0.0515625 0.171875
1 0.3921875 0.521875 0.0578125 0.059375
1 0.16875 0.52890625 0.0609375 0.2109375
1 0.2484375 0.534375 0.05625 0.1796875
1 0.8421875 0.578125 0.0703125 0.221875
1 0.5921875 0.58359375 0.121875 0.1671875
1 0.89609375 0.5875 0.05625 0.2171875
1 0.503125 0.60859375 0.0609375 0.1765625
1 0.80859375 0.775 0.08125 0.2828125
1 0.75 0.778125 0.05625 0.2625
1 0.925 0.78984375 0.0875 0.26875
1 0.46171875 0.81796875 0.0765625 0.26875
1 0.19609375 0.090625 0.0375 0.103125
1 0.275 0.11875 0.034375 0.0671875
1 0.63125 0.14375 0.0328125 0.103125
1 0.23203125 0.1875 0.0265625 0.109375