1 0.6796875 0.21328125 0.0375 0.1296875
1 0.34296875 0.25 0.034375 0.1296875
1 0.64765625 0.26875 0.0515625 0.146875
1 0.7296875 0.27734375 0.040625 0.1375
1 0.24765625 0.30234375 0.0484375 0.15
1 0.284375 0.309375 0.0390625 0.153125
1 0.70625 0.36640625 0.0828125 0.1375
1 0.309375 0.37265625 0.046875 0.178125
1 0.36796875 0.378125 0.05 0.1609375
1 0.84453125 0.38515625 0.0453125 0.1375
1 0.79375 0.39921875 0.0515625 0.184375
1 0.4125 0.4875 0.0359375 0.0546875
1 0.8953125 0.50234375 0.0671875 0.2078125
1 0.39140625 0.50703125 0.025 0.053125
1 0.83203125 0.5125 0.0625 0.1875
1 0.40703125 0.5375 0.03125 0.046875
1 0.03828125 0.56171875 0.0734375 0.20625
1 0.08984375 0.56328125 0.0578125 0.2109375
1 0.60625 0.56875 0.1109375 0.1796875
1 0.59453125 0.58203125 0.11875 0.134375
1 0.7828125 0.59609375 0.065625 0.2421875
1 0.50234375 0.6 0.0625 0.1625
1 0.7203125 0.60625 0.0609375 0.221875
1 0.93203125 0.746875 0.078125 0.271875
1 0.04140625 0.75546875 0.065625 0.234375
1 0.72890625 0.80546875 0.0765625 0.1796875
1 0.4625 0.82578125 0.0796875 0.29375
1 0.23046875 0.153125 0.03125 0.1
1 0.621875 0.20390625 0.0296875 0.1125