1 0.2875 0.21875 0.053125 0.153125
1 0.76640625 0.26953125 0.05 0.159375
1 0.6703125 0.28984375 0.040625 0.1546875
1 0.63828125 0.28984375 0.0421875 0.15
1 0.71796875 0.30625 0.0453125 0.146875
1 0.7609375 0.45625 0.0578125 0.203125
1 0.7109375 0.46328125 0.059375 0.2109375
1 0.78671875 0.47109375 0.1078125 0.225
1 0.81484375 0.48203125 0.0546875 0.1984375
1 0.67109375 0.484375 0.053125 0.209375
1 0.3921875 0.52265625 0.05625 0.059375
1 0.503125 0.60703125 0.0609375 0.175
1 0.4734375 0.86953125 0.075 0.2546875
1 0.27890625 0.11484375 0.0203125 0.0609375
1 0.2671875 0.11796875 0.0203125 0.0625
1 0.31953125 0.12578125 0.03125 0.06875
1 0.22734375 0.13203125 0.025 0.090625
1 0.30390625 0.19609375 0.0296875 0.109375