1 0.2609375 0.265625 0.0453125 0.0859375
1 0.70859375 0.27421875 0.040625 0.15
1 0.6203125 0.28125 0.0546875 0.134375
1 0.7984375 0.29140625 0.046875 0.15
1 0.259375 0.32265625 0.0484375 0.1
1 0.36875 0.34765625 0.05 0.16875
1 0.30234375 0.37734375 0.0515625 0.18125
1 0.18828125 0.378125 0.0515625 0.1171875
1 0.27734375 0.45546875 0.0625 0.184375
1 0.24375 0.51015625 0.0609375 0.2046875
1 0.178125 0.51015625 0.0703125 0.190625
1 0.3875 0.52421875 0.0359375 0.0734375
1 0.40859375 0.53125 0.028125 0.059375
1 0.5046875 0.60703125 0.065625 0.1765625
1 0.215625 0.78984375 0.0671875 0.225
1 0.19140625 0.84765625 0.090625 0.3046875
1 0.19453125 0.10703125 0.03125 0.0984375
1 0.27890625 0.11953125 0.015625 0.04375
1 0.34765625 0.12421875 0.021875 0.06875
1 0.66953125 0.15078125 0.0296875 0.0984375
1 0.31328125 0.153125 0.028125 0.115625
1 0.73828125 0.16015625 0.0390625 0.08125
1 0.25859375 0.20078125 0.0359375 0.109375