1 0.73359375 0.21796875 0.0328125 0.1
1 0.7828125 0.24921875 0.0375 0.134375
1 0.33359375 0.265625 0.0484375 0.153125
1 0.28671875 0.27421875 0.0453125 0.1359375
1 0.7203125 0.28671875 0.0421875 0.09375
1 0.2546875 0.34296875 0.065625 0.171875
1 0.1921875 0.35546875 0.053125 0.165625
1 0.23125 0.45390625 0.0515625 0.196875
1 0.74609375 0.459375 0.05625 0.2078125
1 0.25 0.46640625 0.096875 0.221875
1 0.69921875 0.46953125 0.0515625 0.1859375
1 0.28359375 0.47734375 0.0484375 0.1875
1 0.88828125 0.49453125 0.05625 0.1609375
1 0.8328125 0.49453125 0.0609375 0.175
1 0.1390625 0.53046875 0.0734375 0.240625
1 0.59375 0.56484375 0.11875 0.1734375
1 0.50390625 0.60859375 0.0609375 0.1796875
1 0.72734375 0.65546875 0.059375 0.13125
1 0.8734375 0.66171875 0.06875 0.25625
1 0.8203125 0.675 0.0609375 0.2375
1 0.02734375 0.68046875 0.0546875 0.25625
1 0.4609375 0.73046875 0.05625 0.121875
1 0.91640625 0.771875 0.0828125 0.271875
1 0.4625 0.86875 0.075 0.259375
1 0.19921875 0.09296875 0.0234375 0.06875
1 0.31953125 0.92265625 0.078125 0.1546875
1 0.59453125 0.11796875 0.021875 0.0734375
1 0.615625 0.12265625 0.0171875 0.090625
1 0.596875 0.19609375 0.0328125 0.1171875