1 0.33671875 0.21015625 0.046875 0.1171875
1 0.2890625 0.22265625 0.0328125 0.075
1 0.1625 0.23515625 0.0328125 0.134375
1 0.6828125 0.23515625 0.0546875 0.15
1 0.21953125 0.23671875 0.03125 0.11875
1 0.19296875 0.24140625 0.03125 0.134375
1 0.4390625 0.24375 0.0484375 0.1171875
1 0.63515625 0.25078125 0.034375 0.146875
1 0.40390625 0.25390625 0.05625 0.1375
1 0.30390625 0.38125 0.04375 0.1921875
1 0.25625 0.39296875 0.0421875 0.2109375
1 0.1765625 0.42578125 0.0703125 0.21875
1 0.3921875 0.51328125 0.0234375 0.0609375
1 0.4109375 0.53515625 0.0296875 0.05
1 0.71171875 0.54453125 0.059375 0.2359375
1 0.76875 0.54453125 0.0671875 0.24375
1 0.51015625 0.61640625 0.059375 0.2078125
1 0.209375 0.821875 0.0515625 0.246875
1 0.61015625 0.84921875 0.090625 0.2984375
1 0.18671875 0.85078125 0.04375 0.2734375
1 0.79765625 0.87265625 0.0921875 0.2546875
1 0.728125 0.89140625 0.0859375 0.2171875
1 0.915625 0.91875 0.075 0.1625
1 0.97734375 0.9390625 0.0453125 0.121875
1 0.19609375 0.125 0.040625 0.0921875
1 0.6328125 0.13671875 0.0390625 0.08125
1 0.2296875 0.15546875 0.0296875 0.08125
1 0.67890625 0.15546875 0.0375 0.0765625