1 0.6296875 0.25859375 0.0390625 0.1421875
1 0.58125 0.26171875 0.0390625 0.153125
1 0.371875 0.26328125 0.0515625 0.11875
1 0.271875 0.26796875 0.04375 0.146875
1 0.22890625 0.278125 0.040625 0.11875
1 0.38515625 0.51953125 0.028125 0.0609375
1 0.403125 0.528125 0.0296875 0.046875
1 0.50390625 0.60703125 0.065625 0.1796875
1 0.38671875 0.07265625 0.03125 0.0546875
1 0.08515625 0.75078125 0.0625 0.259375
1 0.12421875 0.77265625 0.0734375 0.2578125
1 0.79296875 0.840625 0.0953125 0.278125
1 0.19296875 0.84453125 0.0875 0.3109375
1 0.19140625 0.11171875 0.040625 0.0984375
1 0.30703125 0.12109375 0.028125 0.071875
1 0.34765625 0.12109375 0.021875 0.0625
1 0.57890625 0.146875 0.034375 0.0859375
1 0.66875 0.15 0.0296875 0.096875
1 0.63046875 0.15625 0.0328125 0.0859375