1 0.271875 0.26875 0.0390625 0.1421875
1 0.715625 0.27109375 0.0421875 0.1578125
1 0.66796875 0.278125 0.0421875 0.1546875
1 0.63046875 0.28125 0.05 0.1484375
1 0.88203125 0.48359375 0.0390625 0.184375
1 0.8609375 0.48828125 0.0671875 0.190625
1 0.72421875 0.48984375 0.0609375 0.1953125
1 0.77109375 0.49296875 0.0640625 0.20625
1 0.58828125 0.575 0.103125 0.159375
1 0.6140625 0.58359375 0.08125 0.121875
1 0.50234375 0.6 0.0625 0.165625
1 0.4734375 0.75078125 0.06875 0.23125
1 0.2734375 0.89453125 0.059375 0.2109375
1 0.1953125 0.115625 0.0265625 0.096875
1 0.7203125 0.18046875 0.0328125 0.071875