1 0.35390625 0.27109375 0.053125 0.13125
1 0.2609375 0.27578125 0.0390625 0.1421875
1 0.3171875 0.27734375 0.0359375 0.13125
1 0.21953125 0.28984375 0.0359375 0.13125
1 0.66796875 0.29609375 0.0421875 0.109375
1 0.1984375 0.475 0.0578125 0.184375
1 0.5921875 0.57578125 0.1234375 0.178125
1 0.56328125 0.60390625 0.0921875 0.153125
1 0.503125 0.609375 0.0609375 0.1796875
1 0.04296875 0.63046875 0.0859375 0.25625
1 0.22421875 0.075 0.034375 0.0625
1 0.4546875 0.8125 0.1046875 0.2875
1 0.8859375 0.86875 0.0921875 0.2625
1 0.671875 0.11328125 0.0265625 0.08125
1 0.275 0.11875 0.0296875 0.0625
1 0.328125 0.1375 0.03125 0.1109375
1 0.1828125 0.14765625 0.0203125 0.0953125
1 0.1609375 0.15078125 0.0171875 0.06875
1 0.73125 0.165625 0.0390625 0.1125
1 0.24140625 0.165625 0.0453125 0.171875
1 0.61015625 0.178125 0.046875 0.1484375