1 0.28125 0.26015625 0.0546875 0.153125
1 0.246875 0.26484375 0.0421875 0.146875
1 0.64765625 0.265625 0.04375 0.11875
1 0.384375 0.51875 0.0453125 0.059375
1 0.40625 0.53359375 0.0265625 0.059375
1 0.11953125 0.540625 0.0640625 0.2
1 0.59609375 0.565625 0.1140625 0.175
1 0.50390625 0.60859375 0.0640625 0.1765625
1 0.4546875 0.81171875 0.103125 0.2921875
1 0.82890625 0.903125 0.09375 0.1921875
1 0.22578125 0.09375 0.0234375 0.0671875
1 0.65390625 0.1 0.0265625 0.06875
1 0.2125 0.10078125 0.0171875 0.0609375
1 0.27578125 0.11484375 0.021875 0.05625
1 0.29765625 0.13359375 0.03125 0.096875
1 0.203125 0.13984375 0.0421875 0.084375
1 0.6484375 0.15625 0.0453125 0.0875
1 0.7359375 0.16328125 0.0390625 0.10625
1 0.23125 0.16796875 0.0296875 0.0984375
1 0.18671875 0.18203125 0.03125 0.1359375