1 0.41640625 0.32734375 0.0453125 0.1546875
1 0.240625 0.34140625 0.0421875 0.184375
1 0.20234375 0.36796875 0.053125 0.16875
1 0.28984375 0.37578125 0.046875 0.18125
1 0.18046875 0.50234375 0.053125 0.1921875
1 0.24140625 0.50703125 0.06875 0.20625
1 0.41015625 0.52890625 0.025 0.046875
1 0.76328125 0.534375 0.0765625 0.2109375
1 0.50390625 0.60859375 0.065625 0.1765625
1 0.03515625 0.63359375 0.0640625 0.215625
1 0.08828125 0.646875 0.06875 0.2296875
1 0.215625 0.81171875 0.0671875 0.278125
1 0.190625 0.85 0.09375 0.29375
1 0.66953125 0.12890625 0.034375 0.075
1 0.209375 0.1875 0.0375 0.1625
1 0.66953125 0.203125 0.0359375 0.11875
1 0.7453125 0.20703125 0.034375 0.1171875