1 0.6625 0.24296875 0.0203125 0.146875
1 0.6890625 0.24296875 0.0421875 0.134375
1 0.203125 0.28359375 0.0421875 0.1546875
1 0.2921875 0.309375 0.0484375 0.1609375
1 0.340625 0.31875 0.0390625 0.1671875
1 0.25703125 0.3375 0.05 0.184375
1 0.64921875 0.44296875 0.078125 0.215625
1 0.5890625 0.44921875 0.0515625 0.20625
1 0.409375 0.53125 0.0359375 0.0546875
1 0.3765625 0.06171875 0.0234375 0.0734375
1 0.51328125 0.60625 0.08125 0.1953125
1 0.8015625 0.61171875 0.0515625 0.24375
1 0.86953125 0.6375 0.0546875 0.2546875
1 0.3609375 0.06796875 0.0234375 0.065625
1 0.16484375 0.67109375 0.059375 0.1296875
1 0.753125 0.68828125 0.0796875 0.2609375
1 0.64609375 0.715625 0.059375 0.29375
1 0.20703125 0.81875 0.065625 0.2625
1 0.17109375 0.84921875 0.071875 0.2859375
1 0.30546875 0.096875 0.01875 0.053125
1 0.2609375 0.10625 0.0484375 0.125
1 0.3265625 0.14140625 0.0234375 0.1046875
1 0.66796875 0.14140625 0.04375 0.1
1 0.2015625 0.15703125 0.0453125 0.10625
1 0.715625 0.1625 0.0546875 0.1046875
1 0.290625 0.18125 0.0359375 0.109375
1 0.2265625 0.18203125 0.0328125 0.0859375
1 0.61015625 0.20078125 0.046875 0.1359375
1 0.646875 0.20078125 0.0359375 0.128125