1 0.20390625 0.42734375 0.0625 0.171875
1 0.39140625 0.52109375 0.053125 0.0609375
1 0.55078125 0.55078125 0.05 0.1234375
1 0.60859375 0.57734375 0.090625 0.1296875
1 0.503125 0.60625 0.0609375 0.175
1 0.86171875 0.6125 0.0640625 0.2234375
1 0.92578125 0.64375 0.0890625 0.234375
1 0.46796875 0.77578125 0.0734375 0.2421875
1 0.66484375 0.778125 0.0796875 0.259375
1 0.746875 0.78515625 0.0890625 0.2609375
1 0.20390625 0.1 0.0265625 0.08125
1 0.26796875 0.11796875 0.021875 0.059375
1 0.32109375 0.12109375 0.028125 0.0671875
1 0.7515625 0.16640625 0.0296875 0.096875
1 0.66484375 0.19609375 0.0375 0.13125
1 0.68359375 0.19609375 0.078125 0.1375
1 0.62109375 0.19765625 0.0375 0.128125
1 0.70703125 0.2 0.034375 0.125
1 0.58984375 0.20234375 0.0359375 0.134375