1 0.74140625 0.23046875 0.0328125 0.09375
1 0.75703125 0.33203125 0.0453125 0.1609375
1 0.8578125 0.33359375 0.0546875 0.1546875
1 0.81640625 0.34140625 0.05 0.1546875
1 0.709375 0.38515625 0.0546875 0.2
1 0.73515625 0.38828125 0.0546875 0.209375
1 0.6640625 0.39140625 0.0515625 0.190625
1 0.6171875 0.40234375 0.0546875 0.1859375
1 0.59921875 0.56640625 0.109375 0.1671875
1 0.50390625 0.60625 0.0625 0.18125
1 0.45 0.684375 0.0421875 0.065625
1 0.4609375 0.83671875 0.0640625 0.2859375
1 0.284375 0.09921875 0.0296875 0.040625
1 0.31953125 0.11953125 0.028125 0.0671875
1 0.16015625 0.16328125 0.025 0.1125
1 0.2765625 0.165625 0.03125 0.10625
1 0.246875 0.17109375 0.0328125 0.1046875