1 0.6734375 0.25703125 0.04375 0.134375
1 0.29609375 0.275 0.0484375 0.140625
1 0.2515625 0.27578125 0.0390625 0.1375
1 0.359375 0.27734375 0.046875 0.1484375
1 0.44140625 0.29921875 0.0453125 0.15
1 0.725 0.33046875 0.0515625 0.165625
1 0.22890625 0.34453125 0.04375 0.14375
1 0.76953125 0.378125 0.0453125 0.175
1 0.83125 0.38671875 0.053125 0.175
1 0.5046875 0.61015625 0.06875 0.18125
1 0.0578125 0.61640625 0.06875 0.2109375
1 0.21171875 0.065625 0.034375 0.0734375
1 0.13828125 0.67265625 0.0921875 0.2671875
1 0.190625 0.85234375 0.0921875 0.290625
1 0.94296875 0.95 0.103125 0.096875
1 0.18828125 0.10625 0.01875 0.0796875
1 0.30546875 0.11796875 0.03125 0.09375
1 0.35390625 0.125 0.0375 0.075
1 0.67265625 0.15078125 0.0296875 0.0921875
1 0.7171875 0.16015625 0.0609375 0.0796875
1 0.23984375 0.178125 0.028125 0.065625
1 0.21171875 0.19375 0.0296875 0.075