0 0.625 0.11538461538461539 0.09194711538461539 0.0907451923076923
0 0.7572115384615384 0.16105769230769232 0.12469951923076923 0.125
0 0.2956730769230769 0.18389423076923078 0.09435096153846154 0.09555288461538461
0 0.5060096153846154 0.18629807692307693 0.06009615384615385 0.13701923076923078
0 0.3629807692307692 0.2512019230769231 0.08263221153846154 0.08323317307692307
0 0.6346153846153846 0.2668269230769231 0.078125 0.1015625
0 0.12860576923076922 0.27283653846153844 0.09254807692307693 0.09254807692307693
0 0.8557692307692307 0.3112980769230769 0.11899038461538461 0.1201923076923077
0 0.5877403846153846 0.3137019230769231 0.08774038461538461 0.08774038461538461
0 0.3762019230769231 0.3401442307692308 0.07181490384615384 0.07181490384615384
0 0.7271634615384616 0.4254807692307692 0.10907451923076923 0.10907451923076923
0 0.18629807692307693 0.43149038461538464 0.07872596153846154 0.18028846153846154
0 0.43990384615384615 0.44350961538461536 0.10216346153846154 0.10216346153846154